<?xml version="1.0"?>
<opencv_storage>
<calibration_time>"Fri Nov 21 12:52:23 2025"</calibration_time>
<nr_of_frames>50</nr_of_frames>
<image_width>1920</image_width>
<image_height>1080</image_height>
<board_width>9</board_width>
<board_height>6</board_height>
<square_size>50.</square_size>
<marker_size>25.</marker_size>
<fix_aspect_ratio>1.</fix_aspect_ratio>
<!-- flags: +fix_aspectRatio +fix_principal_point +zero_tangent_dist +fix_k4 +fix_k5 -->
<flags>6158</flags>
<fisheye_model>0</fisheye_model>
<camera_matrix type_id="opencv-matrix">
  <rows>3</rows>
  <cols>3</cols>
  <dt>d</dt>
  <data>
    2218.397864043568 0. 959.5 0. 2218.397864043568 539.5 0. 0. 1.</data></camera_matrix>
<distortion_coefficients type_id="opencv-matrix">
  <rows>5</rows>
  <cols>1</cols>
  <dt>d</dt>
  <data>
    -0.17611576780242291 1.7357972971751359 0. 0. -5.4837634455342661</data></distortion_coefficients>
<avg_reprojection_error>1.3361119860938475</avg_reprojection_error>
<per_view_reprojection_errors type_id="opencv-matrix">
  <rows>50</rows>
  <cols>1</cols>
  <dt>f</dt>
  <data>
    1.10215998 1.12723398 1.22121704 1.47478628 1.50467229 1.36897087
    1.37942266 1.54693365 1.58546329 1.42046022 0.832803607 0.812360227
    0.723823667 0.654714108 3.36568594 1.13222611 1.02930737 1.16666436
    1.00247872 1.0093987 1.03868663 1.45648789 1.40614188 1.34296954
    1.21006393 1.06413245 0.748101234 0.617669821 0.431259632
    0.523888946 0.81960851 0.984418213 1.06310236 1.09288073 1.15211701
    1.25305831 1.38110018 1.57550704 1.81213856 1.87251794 2.62133932
    1.27675569 1.23377109 1.20761609 1.21392381 1.26354516 1.32671154
    1.33396316 1.38263941 1.32544756</data></per_view_reprojection_errors>
<!-- a set of 6-tuples (rotation vector + translation vector) for each view -->
<extrinsic_parameters type_id="opencv-matrix">
  <rows>50</rows>
  <cols>6</cols>
  <dt>d</dt>
  <data>
    -0.82755273987274203 0.38412552118772886 0.82911300822863909
    -55.007609751447973 -135.88365413870119 1200.8495420156491
    -0.81418360334075823 0.37612338707636472 0.82980550899921279
    -49.942135324092014 -153.53188092577187 1179.8511786539598
    -0.8348750396176543 0.32816608168151556 0.71837201515173932
    -99.342215470867544 -142.45931933432169 1116.4019199446345
    -0.81250808389404261 0.15916198987044847 0.39158345918010384
    -180.712223093695 -150.85728435517032 964.42009728618211
    -0.84399004228608587 0.048714776838985063 0.13088649912579001
    -239.55013902063112 -91.985347692481824 947.63376738498846
    -0.87927081413388131 0.082329106340904387 0.19031132061346082
    -146.74839405240388 -100.69979288053145 1027.357902039437
    -0.87671772680059645 0.10289362271971279 0.2348260073729849
    -40.40997803108003 -78.646258131251926 1040.7900978835055
    -0.86472937755306389 0.012646368816496119 0.055967248061020478
    -161.0421101119646 -67.464762861540791 957.00038333572604
    -0.79157808754268433 -0.10820472890953171 -0.22574196259624585
    -243.83485804399078 -61.214256439253433 862.75320463375624
    -0.66982744994727617 -0.16233528757474111 -0.42262910753965743
    -268.97646602911851 -74.839491170399526 843.69028888087837
    -0.57182382107050445 -0.10632078547398298 -0.29828788703704423
    -400.01411297997532 23.599451616552937 1053.0734668440743
    -0.47906561563546651 -0.040417895052716452 -0.3271236131342099
    -436.50270744659963 -56.669554845627388 1081.514634625911
    -0.5524040188027276 0.011439049655457454 0.060190956984292929
    -236.21446538131039 -125.88417014955375 1187.8561948221277
    -0.61743380061012088 0.020619394508549133 0.093784827551978242
    -302.63243823454707 -0.94436082450061876 1182.3996536698148
    -0.23718313076232131 0.83916523866154213 2.4793702393839148
    131.12754159874831 -67.494479669116998 872.07633588404872
    -0.2178196557791249 0.81273897420611318 2.5144096846597814
    147.87001462510727 -53.742134482829314 884.23183062494422
    -0.15463926966696134 0.72437234095483261 2.6416231109557184
    86.86181617075168 -25.186440290543196 858.25156156212461
    -0.083137960257085239 0.73912394330030251 2.8011258161161678
    94.009956663322313 42.911358046587765 830.49337147797496
    -0.080815832709445964 -0.72088070509077729 -3.0175012697723638
    198.74448471621062 83.700090470617411 752.28284398316168
    -0.075403880776019158 -0.73822477967467692 -2.9185380884139569
    153.48157265563108 113.0528703101146 745.81574900021928
    -0.12711259873613115 -0.68402464248444217 -2.8198578694444336
    117.78406957457982 104.1794224688223 721.21406331071262
    -0.84977950746852582 0.72836984607255961 1.2948883404217855
    168.42254207092893 -161.42318035875525 1100.7880669414471
    -0.91736993033441439 0.71191507002468746 1.1906487285799046
    28.06049422280908 -134.37579486422496 1181.5438898983705
    -0.85027707637130145 0.67995425352816607 1.2371412380303464
    54.148889852662812 -144.01055511546016 1157.3255956395526
    -0.70248443766467006 0.54401022572360269 1.2536326193080016
    43.116014949456606 -223.41009847074886 1115.9140349144927
    -0.58000283192993629 0.4503451436734589 1.2801977046635544
    57.619786467552707 -229.63224240583978 1056.0694869682775
    -0.4173793672899811 0.30134024079337512 1.2590869492971108
    43.459402781986377 -252.0131465255599 1072.2802756122667
    -0.35997534676967397 0.22827203555930844 1.3560305070429577
    75.992471202244687 -258.11715819148702 1146.0973207495672
    -0.34272811464193792 0.13628444711939167 1.4072415599118866
    34.676913177904957 -191.66793262362557 1179.3743357955573
    -0.36004180583943668 0.23167077940556619 1.3363543594360774
    71.338865367403656 -232.01321916936118 1220.2087809168725
    -0.59821186957721684 0.43573196009467913 1.2111002980552772
    20.059877794688976 -148.75958397030669 1293.6120929095391
    -0.74854070822720065 0.51374527572893669 1.1352323517340286
    -43.654530856966865 -120.13529177479356 1317.0464494134628
    -0.8314715468377154 0.51477500109833729 1.0362627015803834
    -94.473135120971207 -131.67718676888961 1327.145143940252
    -0.91149987913331043 0.49297292261190501 0.91714495136317997
    -105.04141546308537 -102.77548924655946 1361.9395909524535
    -0.96438106772224874 0.43693218518410687 0.78456989555336765
    -147.1209782247642 -97.696478184413223 1347.0996918567396
    -0.99306244762834806 0.35566862656226533 0.63666607600345104
    -154.45227219665375 -101.20909381584293 1257.8445795640453
    -0.95581556003466683 0.22919735152048015 0.44508973642775962
    -194.59056516808062 -96.112182868656873 1103.9253232947299
    -0.99871450945167017 0.19490466237142873 0.3644133873835958
    -158.21690288363376 -95.596697040326646 1030.9247554032409
    -1.0337148218231111 0.13250617504421189 0.2409215035646326
    -155.3018135213577 -85.900767503880644 948.81330294387521
    -1.0283356099090737 0.11108688299020823 0.20695481091906962
    -177.57131552528426 -104.62267214403427 928.44277567479241
    -1.0051647240521573 0.15195607243722262 0.29093873230591077
    -216.16788567463087 -114.23001019233912 1006.6013319282883
    -0.91196221413434442 0.47075093487445574 0.8860385796423379
    -63.761659660842312 -141.76368270283052 1222.352395162859
    -0.94122028223471244 0.54215339575762689 0.95992767636594312
    -75.586615173965527 -71.292765033034215 1251.5548559559811
    -0.89022668398664173 0.61316224703747457 1.106252685111953
    -12.467781535667065 -102.56407890152038 1260.622774040065
    -0.84263184028150917 0.72686174108393453 1.2987723828555391
    92.891616022402687 -93.71248503549694 1231.5552609939032
    -0.78752301791460044 0.84652711685082815 1.4882335930348525
    173.63018841086327 -42.788233126439223 1160.5971388910107
    -0.6729789463914444 0.9044801335467495 1.6962207503533577
    264.02218688110179 -65.851823843175907 1090.571786043263
    -0.63740548144073483 0.75056965611139392 1.6168492489245516
    56.861638609617287 -139.20141400472096 1036.4716980066441
